Length:97
*************

174345221
21132173
222541486
87455061
27659109
25167107
350398016
358370067
281052217
913554687
32247821
875068122
989665780
143911991
295949341
31360677
21481672
42921746
406116120
11804794
157665320
121042679
206740822
218109220
259163688
223814182
1221592807
239074435
359369661
259239113
252953268
700766486
360253033
361120321
836900484
406730613
171307391
930434244
794967142
383688276
319727503
311529378
254132074
298488058
159552711
398858719
267280580
1397560005
118928777
420509885
314402012
256685012
387220174
410332458
302931260
191394626
890056075
1713172257
371048834
267208221
53234098
237663872
913575106
647103417
144391431
306069509
794081568
218831533
1511327170
366429810
827140510
317529395
398776706
334879449
172420785
346819407
423680783
241992736
1158239956
1905217912
1553010206
356249714
509443647
175765635
360986233
1902124034
294892909
189554979
361668569
301158758
109556741
158388610
169553818
396348709
141418959
336283610
506688855
